// // 0 0 0 0 0 0 0 0 
// // 0 0 0 0 0 0 0 0 
// // 0 1 1 1 1 0 0 0 
// // 0 1 1 1 0 0 0 0 
// // 0 1 0 1 1 0 0 0 
// // 0 0 0 1 1 0 0 0 
// // 0 0 0 1 1 1 1 0 
// // 0 0 1 1 0 0 1 1 
// // 0 0 1 1 0 0 1 1 
// // 0 0 1 1 0 0 1 1 
// // 0 0 1 1 0 0 1 1 
// // 0 0 0 1 1 1 1 0 
// // 0 0 0 0 0 0 0 0 
// // 0 0 0 0 0 0 0 0 
// // 0 0 0 0 0 0 0 0 
// // 0 0 0 0 0 0 0 0 


		{0x10, 0x38, 0x7C, 0xFE, 0x7C, 0x38, 0x10, 0x00},	// ♦ - 4
		{0x78, 0xCC, 0x0C, 0x18, 0x30, 0x00, 0x30, 0x00},	// ? - 63

0 0 0 1 0 0 0 0 
0 0 1 1 1 0 0 0 
0 1 1 1 1 1 0 0 
1 1 1 1 1 1 1 0 
0 1 1 1 1 1 0 0 
0 0 1 1 1 0 0 0 
0 0 0 1 0 0 0 0 

0 1 1 1 1 0 0 0 
1 1 0 0 1 1 0 0 
0 0 0 0 1 1 0 0 
0 0 0 1 1 0 0 0 
0 0 1 1 0 0 0 0 
0 0 0 0 0 0 0 0 
0 0 1 1 0 0 0 0 
0 0 0 0 0 0 0 0 

		{0x00, 0x00, 0x00, 0x00, 0x10, 0x38, 0x7C, 0xFE, 0xFE, 0x7C, 0x38, 0x10, 0x00, 0x00, 0x00, 0x00},	// ♦ - 4
0 0 0 0 0 0 0 0 
0 0 0 0 0 0 0 0 
0 0 0 1 0 0 0 0 
0 0 1 1 1 0 0 0 
0 0 1 1 1 0 0 0 
0 1 1 1 1 1 0 0 
0 1 0 0 0 1 0 0 
1 1 0 1 0 1 1 0 
1 1 1 1 0 1 1 0 
0 1 1 0 0 1 0 0 
0 1 1 0 1 1 0 0 
0 0 1 1 1 0 0 0 
0 0 1 0 1 0 0 0 
0 0 0 1 0 0 0 0 
0 0 0 0 0 0 0 0 
0 0 0 0 0 0 0 0 


0 0 0 0 0 0 0 0 
0 0 0 0 0 0 0 0 
0 0 0 1 0 0 0 0 
0 0 1 1 1 0 0 0 
0 0 1 1 1 0 0 0 
0 1 0 0 0 1 0 0 
0 1 0 1 0 1 0 0 
1 1 1 1 0 1 1 0 
1 1 1 0 0 1 1 0 
0 1 1 0 1 1 0 0 
0 1 1 0 1 1 0 0 
0 0 1 1 1 0 0 0 
0 0 1 0 1 0 0 0 
0 0 0 1 0 0 0 0 
0 0 0 0 0 0 0 0 
0 0 0 0 0 0 0 0 
 -> {0x00, 0x00, 0x10, 0x38, 0x38, 0x44, 0x54, 0xF6, 0xE6, 0x6C, 0x6C, 0x38, 0x28, 0x10, 0x00, 0x00},



0 0 0 0 0 0 0 0 0 
0 0 0 0 0 0 0 0 0 
0 0 0 0 1 0 0 0 0 
0 0 0 1 1 1 0 0 0 
0 0 0 1 1 1 0 0 0 
0 0 1 0 0 0 1 0 0 
0 0 1 0 1 0 1 0 0 
011110010
111110011 
011100110 
0 0 1 1 0 1 1 0 0 
0 0 1 1 0 1 1 0 0 
0 0 0 1 1 1 0 0 0 
0 0 0 1 0 1 0 0 0 
0 0 0 0 1 0 0 0 0 
0 0 0 0 0 0 0 0 0 

 -> {0x00, 0x00, 0x10, 0x38, 0x38, 0x44, 0x54, 0xF2, 0x1F3, 0xE6, 0x6C, 0x6C, 0x38, 0x28, 0x10, 0x00},
